2.687359130859375000e+03
2.753891113281250000e+03
2.708364990234375000e+03
2.757894042968750000e+03
2.745755859375000000e+03
2.782766113281250000e+03
2.771164306640625000e+03
2.747627685546875000e+03
2.815615234375000000e+03
2.846352050781250000e+03
2.861106689453125000e+03
2.863760253906250000e+03
2.910557128906250000e+03
2.905420410156250000e+03
2.924678710937500000e+03
2.789015625000000000e+03
2.798574951171875000e+03
2.725227050781250000e+03
2.754658447265625000e+03
2.832952636718750000e+03
2.855580810546875000e+03
2.877406250000000000e+03
2.898130615234375000e+03
2.904937988281250000e+03
2.868789550781250000e+03
2.818855957031250000e+03
2.810363281250000000e+03
2.845936279296875000e+03
2.851764160156250000e+03
2.861774169921875000e+03
2.889543701171875000e+03
2.932837158203125000e+03
2.990074951171875000e+03
2.994362792968750000e+03
3.006491455078125000e+03
2.974039550781250000e+03
2.981441894531250000e+03
2.966483154296875000e+03
2.931683349609375000e+03
2.985707275390625000e+03
2.995679199218750000e+03
3.001599121093750000e+03
3.037531494140625000e+03
3.042490966796875000e+03
3.018987792968750000e+03
2.992669921875000000e+03
3.030267578125000000e+03
3.022560058593750000e+03
3.062050292968750000e+03
3.077706787109375000e+03
3.076642333984375000e+03
3.039528808593750000e+03
3.043846435546875000e+03
2.992808593750000000e+03
2.967893798828125000e+03
2.956586669921875000e+03
2.934647949218750000e+03
2.938957031250000000e+03
2.930550537109375000e+03
2.923912353515625000e+03
2.915078613281250000e+03
2.954004638671875000e+03
2.963305175781250000e+03
2.973736083984375000e+03
2.916697265625000000e+03
2.853437500000000000e+03
2.841405273437500000e+03
2.838586669921875000e+03
2.829783203125000000e+03
2.818935058593750000e+03
2.831551269531250000e+03
2.828385986328125000e+03
2.803022949218750000e+03
2.800269775390625000e+03
2.810248046875000000e+03
2.825233886718750000e+03
2.811047851562500000e+03
2.807427978515625000e+03
2.811377929687500000e+03
2.810813964843750000e+03
2.810727539062500000e+03
2.874447265625000000e+03
2.890536865234375000e+03
2.907255615234375000e+03
2.925235839843750000e+03
2.926712158203125000e+03
2.928178955078125000e+03
2.922090087890625000e+03
2.848327880859375000e+03
2.843654052734375000e+03
2.868317626953125000e+03
2.862748291015625000e+03
2.874029296875000000e+03
2.876074951171875000e+03
2.873807128906250000e+03
2.889217773437500000e+03
2.880283935546875000e+03
2.856037353515625000e+03
2.879815429687500000e+03
2.893417724609375000e+03
2.912671386718750000e+03
2.915689941406250000e+03
2.919548828125000000e+03
2.961115722656250000e+03
2.985964843750000000e+03
3.001438720703125000e+03
3.008171630859375000e+03
2.984260009765625000e+03
2.994260742187500000e+03
3.036246093750000000e+03
3.052064453125000000e+03
3.048627441406250000e+03
3.050248779296875000e+03
3.042817382812500000e+03
3.033854003906250000e+03
3.023457031250000000e+03
3.032258300781250000e+03
3.010320800781250000e+03
3.008630126953125000e+03
3.033849609375000000e+03
2.999942138671875000e+03
2.996133056640625000e+03
2.976838378906250000e+03
2.948470703125000000e+03
2.951761718750000000e+03
2.954133300781250000e+03
2.955806396484375000e+03
2.953967285156250000e+03
2.976556396484375000e+03
2.999205810546875000e+03
3.002842773437500000e+03
2.995985839843750000e+03
3.033957519531250000e+03
3.100346191406250000e+03
3.106216552734375000e+03
3.109983886718750000e+03
3.110100585937500000e+03
3.111940917968750000e+03
3.092656005859375000e+03
3.092635742187500000e+03
3.086661132812500000e+03
3.068383544921875000e+03
3.068361328125000000e+03
3.065829345703125000e+03
3.068525390625000000e+03
3.076116699218750000e+03
3.060958984375000000e+03
3.062733398437500000e+03
3.067211914062500000e+03
3.082917480468750000e+03
3.088125732421875000e+03
3.090660156250000000e+03
3.078930175781250000e+03
3.027821533203125000e+03
3.021041503906250000e+03
2.995200439453125000e+03
3.009021484375000000e+03
3.004822753906250000e+03
3.006637207031250000e+03
3.025075195312500000e+03
3.021597900390625000e+03
2.976237304687500000e+03
2.984517089843750000e+03
2.972110107421875000e+03
2.979657714843750000e+03
2.982469970703125000e+03
3.021902099609375000e+03
3.043454345703125000e+03
3.044114257812500000e+03
3.051085937500000000e+03
3.055562744140625000e+03
3.042085449218750000e+03
3.075172363281250000e+03
3.080162109375000000e+03
3.081106445312500000e+03
3.088284667968750000e+03
3.124941894531250000e+03
3.132554687500000000e+03
3.121184814453125000e+03
3.114591308593750000e+03
3.108588867187500000e+03
3.100163085937500000e+03
3.118205078125000000e+03
3.102562988281250000e+03
3.128095214843750000e+03
3.127241455078125000e+03
3.134438476562500000e+03
3.150086181640625000e+03
3.135927246093750000e+03
3.173246093750000000e+03
3.198139648437500000e+03
3.215487548828125000e+03
3.213849853515625000e+03
3.212262695312500000e+03
3.213617187500000000e+03
3.202513671875000000e+03
3.222673583984375000e+03
3.250864746093750000e+03
3.247401367187500000e+03
3.248061279296875000e+03
3.263269775390625000e+03
3.282136718750000000e+03
3.291262207031250000e+03
3.260979492187500000e+03
3.281291748046875000e+03
3.256237304687500000e+03
3.218645996093750000e+03
3.210024169921875000e+03
3.224194335937500000e+03
3.218785888671875000e+03
3.233425781250000000e+03
3.175627441406250000e+03
3.169692382812500000e+03
3.155794921875000000e+03
3.130826904296875000e+03
3.129376953125000000e+03
3.121230224609375000e+03
3.104812744140625000e+03
3.135819824218750000e+03
3.138402832031250000e+03
3.114325195312500000e+03
3.119362548828125000e+03
3.112332031250000000e+03
3.100302734375000000e+03
3.093081787109375000e+03
3.098493408203125000e+03
3.127788574218750000e+03
3.150353515625000000e+03
3.160904052734375000e+03
3.156781738281250000e+03
3.171510986328125000e+03
3.166165527343750000e+03
3.146800781250000000e+03
3.129531250000000000e+03
3.120351562500000000e+03
3.110065917968750000e+03
3.106043212890625000e+03
3.107856445312500000e+03
3.095483398437500000e+03
3.113039550781250000e+03
3.127962158203125000e+03
3.135052734375000000e+03
3.140997802734375000e+03
3.150443847656250000e+03
3.135420166015625000e+03
3.150316406250000000e+03
3.147798339843750000e+03
3.160064208984375000e+03
3.177908691406250000e+03
3.195338623046875000e+03
3.215679443359375000e+03
3.218189453125000000e+03
3.218891601562500000e+03
3.232788818359375000e+03
3.214801269531250000e+03
3.245688964843750000e+03
3.256999511718750000e+03
3.263102539062500000e+03
3.253946289062500000e+03
3.252980224609375000e+03
3.232035400390625000e+03
3.239720214843750000e+03
3.245364013671875000e+03
3.232379882812500000e+03
3.219530517578125000e+03
3.230453613281250000e+03
3.237021972656250000e+03
3.235503173828125000e+03
3.216692626953125000e+03
3.212216064453125000e+03
3.230494873046875000e+03
3.232935546875000000e+03
3.234449218750000000e+03
3.261342773437500000e+03
3.239273437500000000e+03
3.248725830078125000e+03
3.256609863281250000e+03
3.241440185546875000e+03
3.244176269531250000e+03
3.263854736328125000e+03
3.263755615234375000e+03
3.250080810546875000e+03
3.241880859375000000e+03
3.219586181640625000e+03
3.227164306640625000e+03
3.272862548828125000e+03
3.285520019531250000e+03
3.292040039062500000e+03
3.276104003906250000e+03
3.292457763671875000e+03
3.278871093750000000e+03
3.277740234375000000e+03
3.251898437500000000e+03
3.228100585937500000e+03
3.206435546875000000e+03
3.182618652343750000e+03
3.180998291015625000e+03
3.179185546875000000e+03
3.140634277343750000e+03
3.140297363281250000e+03
3.144937744140625000e+03
3.153906982421875000e+03
3.154352783203125000e+03
3.144645996093750000e+03
3.137047363281250000e+03
3.129979736328125000e+03
3.106682617187500000e+03
3.082608398437500000e+03
3.077439453125000000e+03
3.055375244140625000e+03
3.058276855468750000e+03
3.073865478515625000e+03
3.080382812500000000e+03
3.100531738281250000e+03
3.097740234375000000e+03
3.084907714843750000e+03
3.083741455078125000e+03
3.073321289062500000e+03
3.063575927734375000e+03
3.058930175781250000e+03
3.095356689453125000e+03
3.100885253906250000e+03
3.113214111328125000e+03
3.102125976562500000e+03
3.102238281250000000e+03
3.089030517578125000e+03
3.094425292968750000e+03
3.130584472656250000e+03
3.142194580078125000e+03
3.152869384765625000e+03
3.140227294921875000e+03
3.150052246093750000e+03
3.131181396484375000e+03
3.131450927734375000e+03
3.122107666015625000e+03
3.139651611328125000e+03
3.137689453125000000e+03
3.151494873046875000e+03
3.151331054687500000e+03
3.157456542968750000e+03
3.181219238281250000e+03
3.187558349609375000e+03
3.174079345703125000e+03
3.186137207031250000e+03
3.187509277343750000e+03
3.191457031250000000e+03
3.181005126953125000e+03
3.200752929687500000e+03
3.207563476562500000e+03
3.213314941406250000e+03
3.211919921875000000e+03
3.206804443359375000e+03
3.203218505859375000e+03
3.219296142578125000e+03
3.221703613281250000e+03
3.191032714843750000e+03
3.195399414062500000e+03
3.232875732421875000e+03
3.246841796875000000e+03
3.241402832031250000e+03
3.253642333984375000e+03
3.248324707031250000e+03
3.252218261718750000e+03
3.252743164062500000e+03
3.252919677734375000e+03
3.273463623046875000e+03
3.293037841796875000e+03
3.291061523437500000e+03
3.279906494140625000e+03
3.272393554687500000e+03
3.284842285156250000e+03
3.287790527343750000e+03
3.280701904296875000e+03
3.266634521484375000e+03
3.223745605468750000e+03
3.243421875000000000e+03
3.253567626953125000e+03
3.246651855468750000e+03
3.267101806640625000e+03
3.265955810546875000e+03
3.283498535156250000e+03
3.286514160156250000e+03
3.284086669921875000e+03
3.269613281250000000e+03
3.326578369140625000e+03
3.361735839843750000e+03
3.367153564453125000e+03
3.368329589843750000e+03
3.364532714843750000e+03
3.373670410156250000e+03
3.384903808593750000e+03
3.387318115234375000e+03
3.386230224609375000e+03
3.367681640625000000e+03
3.365569335937500000e+03
3.375756347656250000e+03
3.381269531250000000e+03
3.382428222656250000e+03
3.371352294921875000e+03
3.352864501953125000e+03
3.360323730468750000e+03
3.354188964843750000e+03
3.361372558593750000e+03
3.355168945312500000e+03
3.347142333984375000e+03
3.335030273437500000e+03
3.333923828125000000e+03
3.335102783203125000e+03
3.329560058593750000e+03
3.339673828125000000e+03
3.374747558593750000e+03
3.381023437500000000e+03
3.385756835937500000e+03
3.381705566406250000e+03
3.384014648437500000e+03
3.374382324218750000e+03
3.365251464843750000e+03
3.373886718750000000e+03
3.362095214843750000e+03
3.367818115234375000e+03
3.370226074218750000e+03
3.376884765625000000e+03
3.384458984375000000e+03
3.397041503906250000e+03
3.406376953125000000e+03
3.384504638671875000e+03
3.384193359375000000e+03
3.387958007812500000e+03
3.375199218750000000e+03
3.362464111328125000e+03
3.376145996093750000e+03
3.401673828125000000e+03
3.405802001953125000e+03
3.415804687500000000e+03
3.420337890625000000e+03
3.434955322265625000e+03
3.419980468750000000e+03
3.393968994140625000e+03
3.388419433593750000e+03
3.375369628906250000e+03
3.378235351562500000e+03
3.395621337890625000e+03
3.416945800781250000e+03
3.353467773437500000e+03
3.348753662109375000e+03
3.317207763671875000e+03
3.322208984375000000e+03
3.326138183593750000e+03
3.306789306640625000e+03
3.304896484375000000e+03
3.297375000000000000e+03
3.295027343750000000e+03
3.281367187500000000e+03
3.259715087890625000e+03
3.274678955078125000e+03
3.306990234375000000e+03
3.273573486328125000e+03
3.291844970703125000e+03
3.282479492187500000e+03
3.259010009765625000e+03
3.259031250000000000e+03
3.284120361328125000e+03
3.277483642578125000e+03
3.288027587890625000e+03
3.285420410156250000e+03
3.272655273437500000e+03
3.296058593750000000e+03
3.271167724609375000e+03
3.289739746093750000e+03
3.298354736328125000e+03
3.340189941406250000e+03
3.364501220703125000e+03
3.383461669921875000e+03
3.391670898437500000e+03
3.408561035156250000e+03
3.411208496093750000e+03
3.417829101562500000e+03
3.417867431640625000e+03
3.420170410156250000e+03
3.407711181640625000e+03
3.428446289062500000e+03
3.437562988281250000e+03
3.464521484375000000e+03
3.477938720703125000e+03
3.487628417968750000e+03
3.529375000000000000e+03
3.541963378906250000e+03
3.532014160156250000e+03
3.540141601562500000e+03
3.512042968750000000e+03
3.477381347656250000e+03
3.465662597656250000e+03
3.438780273437500000e+03
3.444678710937500000e+03
3.461650878906250000e+03
3.363263183593750000e+03
3.321620605468750000e+03
3.272411132812500000e+03
3.134020507812500000e+03
3.151743896484375000e+03
3.181894042968750000e+03
3.191912109375000000e+03
3.262283203125000000e+03
3.283668457031250000e+03
3.325141601562500000e+03
3.296798828125000000e+03
3.263162597656250000e+03
3.269376464843750000e+03
3.250039062500000000e+03
3.250937988281250000e+03
3.282209960937500000e+03
3.269153320312500000e+03
3.281633056640625000e+03
3.300030761718750000e+03
3.322086914062500000e+03
3.308868652343750000e+03
3.289201904296875000e+03
3.284285644531250000e+03
3.264979003906250000e+03
3.268987792968750000e+03
3.275320800781250000e+03
3.271711914062500000e+03
3.256054199218750000e+03
3.151384033203125000e+03
3.129391601562500000e+03
3.160011718750000000e+03
3.122476562500000000e+03
3.153817626953125000e+03
3.162983886718750000e+03
3.163282226562500000e+03
3.136193115234375000e+03
3.132865234375000000e+03
3.135678710937500000e+03
3.179788330078125000e+03
3.200130371093750000e+03
3.179907958984375000e+03
3.163827636718750000e+03
3.120636718750000000e+03
3.078047119140625000e+03
3.093275878906250000e+03
3.115203125000000000e+03
3.074790283203125000e+03
3.067010253906250000e+03
3.119927978515625000e+03
3.109984863281250000e+03
3.074930908203125000e+03
3.076968261718750000e+03
3.075536865234375000e+03
3.089430175781250000e+03
3.081080810546875000e+03
3.123139160156250000e+03
3.148608398437500000e+03
3.148736083984375000e+03
3.164871582031250000e+03
3.158731933593750000e+03
3.169497558593750000e+03
3.184993652343750000e+03
3.166769775390625000e+03
3.152521484375000000e+03
3.183939208984375000e+03
3.206020507812500000e+03
3.207397460937500000e+03
3.172128173828125000e+03
3.157527099609375000e+03
3.143132324218750000e+03
3.134421386718750000e+03
3.120087890625000000e+03
3.039016601562500000e+03
3.082485107421875000e+03
3.066700927734375000e+03
3.079410156250000000e+03
3.098106933593750000e+03
3.100651367187500000e+03
3.099928222656250000e+03
3.063068115234375000e+03
3.046216064453125000e+03
3.063580566406250000e+03
3.039479980468750000e+03
3.033300537109375000e+03
3.015073730468750000e+03
2.914612304687500000e+03
2.910181884765625000e+03
2.879257812500000000e+03
2.877779052734375000e+03
2.853499755859375000e+03
2.834835693359375000e+03
2.809616210937500000e+03
2.785879882812500000e+03
2.826850097656250000e+03
2.779419921875000000e+03
2.785750488281250000e+03
2.763420898437500000e+03
2.742760498046875000e+03
2.751442626953125000e+03
2.801916992187500000e+03
2.813987792968750000e+03
2.777482666015625000e+03
2.820031494140625000e+03
2.819336914062500000e+03
2.808674316406250000e+03
2.794544677734375000e+03
2.787420898437500000e+03
2.775481201171875000e+03
2.815867919921875000e+03
2.841525634765625000e+03
2.880286376953125000e+03
2.891255859375000000e+03
2.885181884765625000e+03
2.879294921875000000e+03
2.875168945312500000e+03
2.874160400390625000e+03
2.836540039062500000e+03
2.789090576171875000e+03
2.756639648437500000e+03
2.719663818359375000e+03
2.777839599609375000e+03
2.752389892578125000e+03
2.791261718750000000e+03
2.792417480468750000e+03
2.782666992187500000e+03
2.776821533203125000e+03
2.730621337890625000e+03
2.709651367187500000e+03
2.678212158203125000e+03
2.699446289062500000e+03
2.730170898437500000e+03
2.713500976562500000e+03
2.721163818359375000e+03
2.725288085937500000e+03
2.771383789062500000e+03
2.773750000000000000e+03
2.766998291015625000e+03
2.742830566406250000e+03
2.730405273437500000e+03
2.721671875000000000e+03
2.745651611328125000e+03
2.707545654296875000e+03
2.694194335937500000e+03
2.703206542968750000e+03
2.674052246093750000e+03
2.666608886718750000e+03
2.655353515625000000e+03
2.683237792968750000e+03
2.679682617187500000e+03
2.651079589843750000e+03
2.694419433593750000e+03
2.726655029296875000e+03
2.728458007812500000e+03
2.784873291015625000e+03
2.775583251953125000e+03
2.800144531250000000e+03
2.792349609375000000e+03
2.814670410156250000e+03
2.732836669921875000e+03
2.729489013671875000e+03
2.728979736328125000e+03
2.591539306640625000e+03
2.604499023437500000e+03
2.562445800781250000e+03
2.538111816406250000e+03
2.551401855468750000e+03
2.464942382812500000e+03
2.527885253906250000e+03
2.645174560546875000e+03
2.603107910156250000e+03
2.612734863281250000e+03
2.606010009765625000e+03
2.602034667968750000e+03
2.544736083984375000e+03
2.567030273437500000e+03
2.602351074218750000e+03
2.613570800781250000e+03
2.687092773437500000e+03
2.679649414062500000e+03
2.670234863281250000e+03
2.654139892578125000e+03
2.647239501953125000e+03
2.607971679687500000e+03
2.633876464843750000e+03
2.659971435546875000e+03
2.646016357421875000e+03
2.677911865234375000e+03
2.692705566406250000e+03
2.715577636718750000e+03
2.665741699218750000e+03
2.661366699218750000e+03
2.649313476562500000e+03
2.588906738281250000e+03
2.576717773437500000e+03
2.570009521484375000e+03
2.593322509765625000e+03
2.565936279296875000e+03
2.582308593750000000e+03
2.659982666015625000e+03
2.673432128906250000e+03
2.656945556640625000e+03
2.612444091796875000e+03
2.605794921875000000e+03
2.579474853515625000e+03
2.583263671875000000e+03
2.590278564453125000e+03
2.625501953125000000e+03
2.592903808593750000e+03
2.592838867187500000e+03
2.569969970703125000e+03
2.541530761718750000e+03
2.525335937500000000e+03
2.501454589843750000e+03
2.506118408203125000e+03
2.481525634765625000e+03
2.473525634765625000e+03
2.464214355468750000e+03
2.474423339843750000e+03
2.439856689453125000e+03
2.437252929687500000e+03
2.492165527343750000e+03
2.518324707031250000e+03
2.515058105468750000e+03
2.540771484375000000e+03
2.532771484375000000e+03
2.548627929687500000e+03
2.530106933593750000e+03
2.563208251953125000e+03
2.563407958984375000e+03
2.555394775390625000e+03
2.594344238281250000e+03
2.609900390625000000e+03
2.581143066406250000e+03
2.577706787109375000e+03
2.587190673828125000e+03
2.598966796875000000e+03
2.597070068359375000e+03
2.592597167968750000e+03
2.571187500000000000e+03
2.581023437500000000e+03
2.612139648437500000e+03
2.647413330078125000e+03
2.669877929687500000e+03
2.722791748046875000e+03
2.727700683593750000e+03
2.699311767578125000e+03
2.763922851562500000e+03
2.777505126953125000e+03
2.785280761718750000e+03
2.786127441406250000e+03
2.822898193359375000e+03
2.921793457031250000e+03
2.944872070312500000e+03
2.971101318359375000e+03
2.975105957031250000e+03
3.011348388671875000e+03
3.048465820312500000e+03
3.071287597656250000e+03
3.114172607421875000e+03
3.128761230468750000e+03
3.033200439453125000e+03
3.060821777343750000e+03
3.086648925781250000e+03
3.065665771484375000e+03
3.036426757812500000e+03
3.051554687500000000e+03
3.102419677734375000e+03
3.104355957031250000e+03
3.106357666015625000e+03
3.120723632812500000e+03
3.123268798828125000e+03
3.076246826171875000e+03
3.043247070312500000e+03
3.050553222656250000e+03
3.024551269531250000e+03
3.092571289062500000e+03
3.161936523437500000e+03
3.181385253906250000e+03
3.217360351562500000e+03
3.254019775390625000e+03
3.264887207031250000e+03
3.259316894531250000e+03
3.260296142578125000e+03
3.220712402343750000e+03
3.213140136718750000e+03
3.211818115234375000e+03
3.273783935546875000e+03
3.284433837890625000e+03
3.273019531250000000e+03
3.288979248046875000e+03
3.246352050781250000e+03
3.229874267578125000e+03
3.224762207031250000e+03
3.159967285156250000e+03
3.122598632812500000e+03
3.096873779296875000e+03
3.099001464843750000e+03
2.927142822265625000e+03
2.936580566406250000e+03
2.908392089843750000e+03
2.869150878906250000e+03
2.919164306640625000e+03
2.899085937500000000e+03
2.886917480468750000e+03
2.922441406250000000e+03
2.942708984375000000e+03
2.900692382812500000e+03
2.890238525390625000e+03
2.910133056640625000e+03
2.900708007812500000e+03
2.868656250000000000e+03
2.862453125000000000e+03
2.885355468750000000e+03
2.901472656250000000e+03
2.908445068359375000e+03
2.905440917968750000e+03
2.902880126953125000e+03
2.899676513671875000e+03
2.875605468750000000e+03
2.872228515625000000e+03
2.842688476562500000e+03
2.853958007812500000e+03
2.901742675781250000e+03
2.905190185546875000e+03
2.911405273437500000e+03
2.897321289062500000e+03
2.896173339843750000e+03
2.892683349609375000e+03
2.918156250000000000e+03
2.968585449218750000e+03
2.992948242187500000e+03
3.004814208984375000e+03
2.992137207031250000e+03
2.981687255859375000e+03
2.997000976562500000e+03
2.980045898437500000e+03
3.034620605468750000e+03
3.039738037109375000e+03
3.021886718750000000e+03
3.013607666015625000e+03
3.012039062500000000e+03
2.944228027343750000e+03
2.930055419921875000e+03
2.912438476562500000e+03
2.910277343750000000e+03
2.914558837890625000e+03
2.921785644531250000e+03
2.918277343750000000e+03
2.915996093750000000e+03
2.893559082031250000e+03
2.909051513671875000e+03
2.887158935546875000e+03
2.891268066406250000e+03
2.907930175781250000e+03
2.918174560546875000e+03
2.924342041015625000e+03
2.923313964843750000e+03
2.934140136718750000e+03
2.921274658203125000e+03
2.902004638671875000e+03
2.869136474609375000e+03
2.831759033203125000e+03
2.793324462890625000e+03
2.778919677734375000e+03
2.795505615234375000e+03
2.779377197265625000e+03
2.807305175781250000e+03
2.793069335937500000e+03
2.805417724609375000e+03
2.807958496093750000e+03
2.816533203125000000e+03
2.859102050781250000e+03
2.869559326171875000e+03
2.875093994140625000e+03
2.879537109375000000e+03
2.890659179687500000e+03
2.863983642578125000e+03
2.892942138671875000e+03
2.891855468750000000e+03
2.891505371093750000e+03
2.891773925781250000e+03
2.916482666015625000e+03
2.922920166015625000e+03
2.945267089843750000e+03
2.977125976562500000e+03
2.992307128906250000e+03
3.017543457031250000e+03
3.020940429687500000e+03
3.016510742187500000e+03
3.031648437500000000e+03
3.034231933593750000e+03
2.991697265625000000e+03
2.990104003906250000e+03
2.994091796875000000e+03
2.998772705078125000e+03
2.972006591796875000e+03
2.975471191406250000e+03
2.950996337890625000e+03
2.932198486328125000e+03
2.925683105468750000e+03
2.897807617187500000e+03
2.898662597656250000e+03
2.902239013671875000e+03
2.917168701171875000e+03
2.940843750000000000e+03
2.978573730468750000e+03
2.975509033203125000e+03
2.971853515625000000e+03
2.968735839843750000e+03
2.938479980468750000e+03
2.933302001953125000e+03
2.938168945312500000e+03
2.926839355468750000e+03
2.924483886718750000e+03
2.932656005859375000e+03
2.955244628906250000e+03
2.942962402343750000e+03
2.933353515625000000e+03
2.926049560546875000e+03
2.942917968750000000e+03
2.958716308593750000e+03
2.975824218750000000e+03
2.969310058593750000e+03
2.967626220703125000e+03
2.958419677734375000e+03
2.912304931640625000e+03
2.907919189453125000e+03
2.895390136718750000e+03
2.894966796875000000e+03
2.880800292968750000e+03
2.889643066406250000e+03
2.906326904296875000e+03
2.893775390625000000e+03
2.887451171875000000e+03
2.878608398437500000e+03
2.894698974609375000e+03
2.899439941406250000e+03
2.895190917968750000e+03
2.882159179687500000e+03
2.865496826171875000e+03
2.865969482421875000e+03
2.869133544921875000e+03
2.863182617187500000e+03
2.879627929687500000e+03
2.890900146484375000e+03
2.899200439453125000e+03
2.906005371093750000e+03
2.914426757812500000e+03
2.910421386718750000e+03
2.949011962890625000e+03
2.969041992187500000e+03
3.008040771484375000e+03
3.015166992187500000e+03
3.019210449218750000e+03
3.014358642578125000e+03
2.979095703125000000e+03
2.985823242187500000e+03
2.980762451171875000e+03
2.997708984375000000e+03
3.004309570312500000e+03
3.031226074218750000e+03
3.042333984375000000e+03
3.077677001953125000e+03
3.083701660156250000e+03
3.090581787109375000e+03
3.111625976562500000e+03
3.084969970703125000e+03
3.106434082031250000e+03
3.101803466796875000e+03
3.118694580078125000e+03
3.113714843750000000e+03
3.097477294921875000e+03
3.083655761718750000e+03
3.081588378906250000e+03
3.095916503906250000e+03
3.063188964843750000e+03
3.062777099609375000e+03
2.993183593750000000e+03
2.770660888671875000e+03
2.794369140625000000e+03
2.822816406250000000e+03
2.855919189453125000e+03
2.870660400390625000e+03
2.886779785156250000e+03
2.900737792968750000e+03
2.919411376953125000e+03
2.915616699218750000e+03
2.923823730468750000e+03
2.968314941406250000e+03
2.978610351562500000e+03
2.981235351562500000e+03
3.022010009765625000e+03
3.037056152343750000e+03
3.036964355468750000e+03
3.025385253906250000e+03
3.014597900390625000e+03
3.013772949218750000e+03
2.925174804687500000e+03
2.975984863281250000e+03
2.998121582031250000e+03
3.012797851562500000e+03
3.060572265625000000e+03
3.044399902343750000e+03
2.981817138671875000e+03
3.009421386718750000e+03
2.994391601562500000e+03
2.955624755859375000e+03
2.921372314453125000e+03
2.847003417968750000e+03
2.825459472656250000e+03
2.777645751953125000e+03
2.742836425781250000e+03
2.771115234375000000e+03
2.687704589843750000e+03
2.741112548828125000e+03
2.793154785156250000e+03
2.783198242187500000e+03
2.793965820312500000e+03
2.772192871093750000e+03
2.773520019531250000e+03
2.759217529296875000e+03
2.791325439453125000e+03
2.777753417968750000e+03
2.823153076171875000e+03
2.826526855468750000e+03
2.839172851562500000e+03
2.821714599609375000e+03
2.804335937500000000e+03
2.831879882812500000e+03
2.823129882812500000e+03
2.828326904296875000e+03
2.846661132812500000e+03
2.858024169921875000e+03
2.841755859375000000e+03
2.851790039062500000e+03
2.852259765625000000e+03
2.830660644531250000e+03
2.832318847656250000e+03
2.827916748046875000e+03
2.832503662109375000e+03
2.859797851562500000e+03
2.875372070312500000e+03
2.875959960937500000e+03
2.894546630859375000e+03
2.899364257812500000e+03
2.896536132812500000e+03
2.897867675781250000e+03
2.876224609375000000e+03
2.873175048828125000e+03
2.879499023437500000e+03
2.894534912109375000e+03
2.887111328125000000e+03
2.876078613281250000e+03
2.834466796875000000e+03
2.828715087890625000e+03
2.844530273437500000e+03
2.839322265625000000e+03
2.847656250000000000e+03
2.853356445312500000e+03
2.896654541015625000e+03
2.912428222656250000e+03
2.925311279296875000e+03
2.927955810546875000e+03
2.935913574218750000e+03
2.943490722656250000e+03
2.954981689453125000e+03
2.945799072265625000e+03
2.931706054687500000e+03
2.925461181640625000e+03
2.903999023437500000e+03
2.926940429687500000e+03
2.931114990234375000e+03
2.936873046875000000e+03
2.958013671875000000e+03
2.963458496093750000e+03
2.966924072265625000e+03
2.973127441406250000e+03
2.960656982421875000e+03
2.975737792968750000e+03
3.009028808593750000e+03
3.062321289062500000e+03
3.121969726562500000e+03
3.285412353515625000e+03
3.326670410156250000e+03
3.388333496093750000e+03
3.438796875000000000e+03
3.387644775390625000e+03
3.439751464843750000e+03
3.414628906250000000e+03
3.369553710937500000e+03
3.242018310546875000e+03
3.237039550781250000e+03
3.322735107421875000e+03
3.328440673828125000e+03
3.341351318359375000e+03
3.325838623046875000e+03
3.217517333984375000e+03
3.218315185546875000e+03
3.236314941406250000e+03
3.291767578125000000e+03
3.288261718750000000e+03
3.309562988281250000e+03
3.363875976562500000e+03
3.372190917968750000e+03
3.376366210937500000e+03
3.384093261718750000e+03
3.349906250000000000e+03
3.372468750000000000e+03
3.343515136718750000e+03
3.318626953125000000e+03
3.321159179687500000e+03
3.356271972656250000e+03
3.430693359375000000e+03
3.445409179687500000e+03
3.413718750000000000e+03
3.372382324218750000e+03
3.387086914062500000e+03
3.390085937500000000e+03
3.379385742187500000e+03
3.337835449218750000e+03
3.350664794921875000e+03
3.397722167968750000e+03
3.398600830078125000e+03
3.408369628906250000e+03
3.403850585937500000e+03
3.386047363281250000e+03
3.347914062500000000e+03
3.294385986328125000e+03
3.314270507812500000e+03
3.264876464843750000e+03
3.252555908203125000e+03
3.267353027343750000e+03
3.282765869140625000e+03
3.294601074218750000e+03
3.283247802734375000e+03
3.267865478515625000e+03
3.331688964843750000e+03
3.317972656250000000e+03
3.279843750000000000e+03
3.280103271484375000e+03
3.231838134765625000e+03
3.225515625000000000e+03
3.221651123046875000e+03
3.226538085937500000e+03
3.220776367187500000e+03
3.274561523437500000e+03
3.357038574218750000e+03
3.359920166015625000e+03
3.342705078125000000e+03
3.333829345703125000e+03
3.335299316406250000e+03
3.317085205078125000e+03
3.324364746093750000e+03
3.318322998046875000e+03
3.301980468750000000e+03
3.272128417968750000e+03
3.243828125000000000e+03
3.242834472656250000e+03
3.256211425781250000e+03
3.257247558593750000e+03
3.225211914062500000e+03
3.225615234375000000e+03
3.267402832031250000e+03
3.272704589843750000e+03
3.315238281250000000e+03
3.310043945312500000e+03
3.370110839843750000e+03
3.362326660156250000e+03
3.345561523437500000e+03
3.338966796875000000e+03
3.308552734375000000e+03
3.345099853515625000e+03
3.338938476562500000e+03
3.346614990234375000e+03
3.359836425781250000e+03
3.374686523437500000e+03
3.412994873046875000e+03
3.405789062500000000e+03
3.374973876953125000e+03
3.375821289062500000e+03
3.409108398437500000e+03
3.404030761718750000e+03
3.452828613281250000e+03
3.450684570312500000e+03
3.442642578125000000e+03
3.440227539062500000e+03
3.416777343750000000e+03
3.409208007812500000e+03
3.376237792968750000e+03
3.373091796875000000e+03
3.348126708984375000e+03
3.365935058593750000e+03
3.361033691406250000e+03
3.360435058593750000e+03
3.395851806640625000e+03
3.390558837890625000e+03
3.412773925781250000e+03
3.359517578125000000e+03
3.383270019531250000e+03
3.365011474609375000e+03
3.393433593750000000e+03
3.397192871093750000e+03
3.383212646484375000e+03
3.411934326171875000e+03
3.462928222656250000e+03
3.488565185546875000e+03
3.507880371093750000e+03
3.525868652343750000e+03
3.546980712890625000e+03
3.540766113281250000e+03
3.511545898437500000e+03
3.578247314453125000e+03
3.569150390625000000e+03
3.539264160156250000e+03
3.536305664062500000e+03
3.559199707031250000e+03
3.534467041015625000e+03
3.547186523437500000e+03
3.583863281250000000e+03
3.568227783203125000e+03
3.582313964843750000e+03
