3.299059814453125000e+03
3.281185058593750000e+03
3.259349365234375000e+03
3.261618164062500000e+03
3.262209472656250000e+03
3.261038330078125000e+03
3.229364013671875000e+03
3.249317138671875000e+03
3.292693603515625000e+03
3.297682373046875000e+03
3.336828125000000000e+03
3.326474365234375000e+03
3.371845458984375000e+03
3.352998779296875000e+03
3.337632568359375000e+03
3.339126708984375000e+03
3.317881835937500000e+03
3.350346435546875000e+03
3.339465332031250000e+03
3.349907714843750000e+03
3.354843017578125000e+03
3.362003417968750000e+03
3.399789306640625000e+03
3.386577148437500000e+03
3.360585449218750000e+03
3.363955810546875000e+03
3.385072265625000000e+03
3.377386962890625000e+03
3.414946777343750000e+03
3.408288574218750000e+03
3.400119384765625000e+03
3.396169921875000000e+03
3.376449462890625000e+03
3.376457275390625000e+03
3.354976562500000000e+03
3.356305664062500000e+03
3.336565185546875000e+03
3.355580322265625000e+03
3.353084960937500000e+03
3.363422851562500000e+03
3.392822509765625000e+03
3.383038330078125000e+03
3.389897460937500000e+03
3.345442138671875000e+03
3.365893554687500000e+03
3.355495361328125000e+03
3.382642578125000000e+03
3.377297119140625000e+03
3.366875244140625000e+03
3.394328613281250000e+03
3.425715576171875000e+03
3.444282226562500000e+03
3.450026611328125000e+03
3.456420166015625000e+03
3.466373046875000000e+03
3.451358642578125000e+03
3.422609863281250000e+03
3.470477294921875000e+03
3.461889892578125000e+03
3.441926757812500000e+03
3.435245117187500000e+03
3.458691406250000000e+03
3.443196777343750000e+03
3.454820312500000000e+03
3.480545654296875000e+03
3.455175292968750000e+03
3.467875000000000000e+03
3.427955566406250000e+03
3.427028320312500000e+03
3.376103271484375000e+03
3.367653564453125000e+03
3.397992675781250000e+03
3.423050292968750000e+03
3.414446289062500000e+03
3.401555908203125000e+03
3.409791992187500000e+03
3.436375000000000000e+03
3.477632812500000000e+03
3.501886230468750000e+03
3.500567382812500000e+03
3.500686035156250000e+03
3.465060546875000000e+03
3.460186035156250000e+03
3.411611083984375000e+03
3.440269042968750000e+03
3.381216308593750000e+03
3.424922851562500000e+03
3.395702148437500000e+03
3.448932373046875000e+03
3.390454345703125000e+03
3.391424316406250000e+03
